{
 "cells": [
  {
   "cell_type": "code",
   "execution_count": 3,
   "metadata": {},
   "outputs": [],
   "source": [
    "import pandas as pd\n",
    "import numpy as np\n",
    "import yfinance as yf\n",
    "import os\n",
    "import pandas_ta as ta\n",
    "import matplotlib.pyplot as plt"
   ]
  },
  {
   "cell_type": "code",
   "execution_count": 30,
   "metadata": {},
   "outputs": [],
   "source": [
    "\n",
    "ticks = ['AAPL', 'MSFT', 'ACLS', 'AMCR', 'UBER', 'AVNW', 'LUV']\n",
    "ticks.append('IMGN')\n",
    "ticks.append('ARCC')\n",
    "ticks.append('GRPN')\n",
    "#ticks.append('AINV')\n",
    "#ticks.append('^GSPC')\n",
    "ticks.append('APO')\n",
    "ticks.append('YOU')\n",
    "ticks.append('VOD')\n",
    "#ticks.append('STLA')\n",
    "ticks.append('SG')\n",
    "ticks.append('COIN')\n",
    "\n",
    "df = yf.download(ticks, start = '2010-01-01', progress = False)['Close']"
   ]
  },
  {
   "cell_type": "code",
   "execution_count": 31,
   "metadata": {},
   "outputs": [
    {
     "data": {
      "text/html": [
       "<div>\n",
       "<style scoped>\n",
       "    .dataframe tbody tr th:only-of-type {\n",
       "        vertical-align: middle;\n",
       "    }\n",
       "\n",
       "    .dataframe tbody tr th {\n",
       "        vertical-align: top;\n",
       "    }\n",
       "\n",
       "    .dataframe thead th {\n",
       "        text-align: right;\n",
       "    }\n",
       "</style>\n",
       "<table border=\"1\" class=\"dataframe\">\n",
       "  <thead>\n",
       "    <tr style=\"text-align: right;\">\n",
       "      <th></th>\n",
       "      <th>AAPL</th>\n",
       "      <th>ACLS</th>\n",
       "      <th>AMCR</th>\n",
       "      <th>APO</th>\n",
       "      <th>ARCC</th>\n",
       "      <th>AVNW</th>\n",
       "      <th>COIN</th>\n",
       "      <th>GRPN</th>\n",
       "      <th>IMGN</th>\n",
       "      <th>LUV</th>\n",
       "      <th>MSFT</th>\n",
       "      <th>SG</th>\n",
       "      <th>UBER</th>\n",
       "      <th>VOD</th>\n",
       "      <th>YOU</th>\n",
       "    </tr>\n",
       "  </thead>\n",
       "  <tbody>\n",
       "    <tr>\n",
       "      <th>AAPL</th>\n",
       "      <td>1644.178301</td>\n",
       "      <td>482.571453</td>\n",
       "      <td>24.893437</td>\n",
       "      <td>543.380000</td>\n",
       "      <td>35.999602</td>\n",
       "      <td>101.738855</td>\n",
       "      <td>-119.288249</td>\n",
       "      <td>-1831.134656</td>\n",
       "      <td>-73.803584</td>\n",
       "      <td>401.815859</td>\n",
       "      <td>3184.506987</td>\n",
       "      <td>-8.636058</td>\n",
       "      <td>171.992988</td>\n",
       "      <td>-184.154802</td>\n",
       "      <td>-95.664650</td>\n",
       "    </tr>\n",
       "    <tr>\n",
       "      <th>ACLS</th>\n",
       "      <td>482.571453</td>\n",
       "      <td>170.062224</td>\n",
       "      <td>10.202031</td>\n",
       "      <td>173.124587</td>\n",
       "      <td>12.485197</td>\n",
       "      <td>34.465863</td>\n",
       "      <td>-18.095236</td>\n",
       "      <td>-571.762565</td>\n",
       "      <td>-25.219350</td>\n",
       "      <td>149.216732</td>\n",
       "      <td>950.828161</td>\n",
       "      <td>-3.335264</td>\n",
       "      <td>51.099282</td>\n",
       "      <td>-50.600018</td>\n",
       "      <td>-82.250254</td>\n",
       "    </tr>\n",
       "    <tr>\n",
       "      <th>AMCR</th>\n",
       "      <td>24.893437</td>\n",
       "      <td>10.202031</td>\n",
       "      <td>1.495455</td>\n",
       "      <td>8.572861</td>\n",
       "      <td>0.592949</td>\n",
       "      <td>2.221905</td>\n",
       "      <td>3.808303</td>\n",
       "      <td>-22.029281</td>\n",
       "      <td>-2.890319</td>\n",
       "      <td>12.978815</td>\n",
       "      <td>48.905322</td>\n",
       "      <td>-0.066555</td>\n",
       "      <td>6.800666</td>\n",
       "      <td>-2.130832</td>\n",
       "      <td>0.960195</td>\n",
       "    </tr>\n",
       "    <tr>\n",
       "      <th>APO</th>\n",
       "      <td>543.380000</td>\n",
       "      <td>173.124587</td>\n",
       "      <td>8.572861</td>\n",
       "      <td>209.068777</td>\n",
       "      <td>14.960233</td>\n",
       "      <td>59.645629</td>\n",
       "      <td>82.933303</td>\n",
       "      <td>-596.871217</td>\n",
       "      <td>-25.644518</td>\n",
       "      <td>127.476349</td>\n",
       "      <td>1098.591914</td>\n",
       "      <td>13.032418</td>\n",
       "      <td>32.443259</td>\n",
       "      <td>-65.465521</td>\n",
       "      <td>-21.794449</td>\n",
       "    </tr>\n",
       "    <tr>\n",
       "      <th>ARCC</th>\n",
       "      <td>35.999602</td>\n",
       "      <td>12.485197</td>\n",
       "      <td>0.592949</td>\n",
       "      <td>14.960233</td>\n",
       "      <td>3.295147</td>\n",
       "      <td>4.987373</td>\n",
       "      <td>-6.738385</td>\n",
       "      <td>-17.264939</td>\n",
       "      <td>0.144464</td>\n",
       "      <td>9.493113</td>\n",
       "      <td>68.965726</td>\n",
       "      <td>-1.552909</td>\n",
       "      <td>10.173329</td>\n",
       "      <td>-1.741916</td>\n",
       "      <td>-4.066083</td>\n",
       "    </tr>\n",
       "    <tr>\n",
       "      <th>AVNW</th>\n",
       "      <td>101.738855</td>\n",
       "      <td>34.465863</td>\n",
       "      <td>2.221905</td>\n",
       "      <td>59.645629</td>\n",
       "      <td>4.987373</td>\n",
       "      <td>100.338398</td>\n",
       "      <td>0.839847</td>\n",
       "      <td>-45.116259</td>\n",
       "      <td>6.002282</td>\n",
       "      <td>-65.414399</td>\n",
       "      <td>186.338873</td>\n",
       "      <td>3.251363</td>\n",
       "      <td>72.025548</td>\n",
       "      <td>-19.055583</td>\n",
       "      <td>21.413773</td>\n",
       "    </tr>\n",
       "    <tr>\n",
       "      <th>COIN</th>\n",
       "      <td>-119.288249</td>\n",
       "      <td>-18.095236</td>\n",
       "      <td>3.808303</td>\n",
       "      <td>82.933303</td>\n",
       "      <td>-6.738385</td>\n",
       "      <td>0.839847</td>\n",
       "      <td>1724.259780</td>\n",
       "      <td>14.744249</td>\n",
       "      <td>9.061554</td>\n",
       "      <td>50.290488</td>\n",
       "      <td>319.121412</td>\n",
       "      <td>193.046714</td>\n",
       "      <td>95.725751</td>\n",
       "      <td>-16.217900</td>\n",
       "      <td>195.180934</td>\n",
       "    </tr>\n",
       "    <tr>\n",
       "      <th>GRPN</th>\n",
       "      <td>-1831.134656</td>\n",
       "      <td>-571.762565</td>\n",
       "      <td>-22.029281</td>\n",
       "      <td>-596.871217</td>\n",
       "      <td>-17.264939</td>\n",
       "      <td>-45.116259</td>\n",
       "      <td>14.744249</td>\n",
       "      <td>6578.058961</td>\n",
       "      <td>208.562808</td>\n",
       "      <td>-851.957152</td>\n",
       "      <td>-3835.898417</td>\n",
       "      <td>1.907531</td>\n",
       "      <td>31.336692</td>\n",
       "      <td>298.733713</td>\n",
       "      <td>20.300964</td>\n",
       "    </tr>\n",
       "    <tr>\n",
       "      <th>IMGN</th>\n",
       "      <td>-73.803584</td>\n",
       "      <td>-25.219350</td>\n",
       "      <td>-2.890319</td>\n",
       "      <td>-25.644518</td>\n",
       "      <td>0.144464</td>\n",
       "      <td>6.002282</td>\n",
       "      <td>9.061554</td>\n",
       "      <td>208.562808</td>\n",
       "      <td>19.002564</td>\n",
       "      <td>-49.792312</td>\n",
       "      <td>-169.396400</td>\n",
       "      <td>-0.657760</td>\n",
       "      <td>11.743307</td>\n",
       "      <td>17.594062</td>\n",
       "      <td>-1.220007</td>\n",
       "    </tr>\n",
       "    <tr>\n",
       "      <th>LUV</th>\n",
       "      <td>401.815859</td>\n",
       "      <td>149.216732</td>\n",
       "      <td>12.978815</td>\n",
       "      <td>127.476349</td>\n",
       "      <td>9.493113</td>\n",
       "      <td>-65.414399</td>\n",
       "      <td>50.290488</td>\n",
       "      <td>-851.957152</td>\n",
       "      <td>-49.792312</td>\n",
       "      <td>343.065967</td>\n",
       "      <td>836.971633</td>\n",
       "      <td>2.476019</td>\n",
       "      <td>40.364967</td>\n",
       "      <td>-37.788374</td>\n",
       "      <td>27.647207</td>\n",
       "    </tr>\n",
       "    <tr>\n",
       "      <th>MSFT</th>\n",
       "      <td>3184.506987</td>\n",
       "      <td>950.828161</td>\n",
       "      <td>48.905322</td>\n",
       "      <td>1098.591914</td>\n",
       "      <td>68.965726</td>\n",
       "      <td>186.338873</td>\n",
       "      <td>319.121412</td>\n",
       "      <td>-3835.898417</td>\n",
       "      <td>-169.396400</td>\n",
       "      <td>836.971633</td>\n",
       "      <td>6364.955559</td>\n",
       "      <td>66.664449</td>\n",
       "      <td>249.396442</td>\n",
       "      <td>-396.475660</td>\n",
       "      <td>-56.714945</td>\n",
       "    </tr>\n",
       "    <tr>\n",
       "      <th>SG</th>\n",
       "      <td>-8.636058</td>\n",
       "      <td>-3.335264</td>\n",
       "      <td>-0.066555</td>\n",
       "      <td>13.032418</td>\n",
       "      <td>-1.552909</td>\n",
       "      <td>3.251363</td>\n",
       "      <td>193.046714</td>\n",
       "      <td>1.907531</td>\n",
       "      <td>-0.657760</td>\n",
       "      <td>2.476019</td>\n",
       "      <td>66.664449</td>\n",
       "      <td>32.636208</td>\n",
       "      <td>9.485115</td>\n",
       "      <td>-3.290732</td>\n",
       "      <td>16.395969</td>\n",
       "    </tr>\n",
       "    <tr>\n",
       "      <th>UBER</th>\n",
       "      <td>171.992988</td>\n",
       "      <td>51.099282</td>\n",
       "      <td>6.800666</td>\n",
       "      <td>32.443259</td>\n",
       "      <td>10.173329</td>\n",
       "      <td>72.025548</td>\n",
       "      <td>95.725751</td>\n",
       "      <td>31.336692</td>\n",
       "      <td>11.743307</td>\n",
       "      <td>40.364967</td>\n",
       "      <td>249.396442</td>\n",
       "      <td>9.485115</td>\n",
       "      <td>83.700215</td>\n",
       "      <td>3.099453</td>\n",
       "      <td>24.416026</td>\n",
       "    </tr>\n",
       "    <tr>\n",
       "      <th>VOD</th>\n",
       "      <td>-184.154802</td>\n",
       "      <td>-50.600018</td>\n",
       "      <td>-2.130832</td>\n",
       "      <td>-65.465521</td>\n",
       "      <td>-1.741916</td>\n",
       "      <td>-19.055583</td>\n",
       "      <td>-16.217900</td>\n",
       "      <td>298.733713</td>\n",
       "      <td>17.594062</td>\n",
       "      <td>-37.788374</td>\n",
       "      <td>-396.475660</td>\n",
       "      <td>-3.290732</td>\n",
       "      <td>3.099453</td>\n",
       "      <td>44.888717</td>\n",
       "      <td>-0.721264</td>\n",
       "    </tr>\n",
       "    <tr>\n",
       "      <th>YOU</th>\n",
       "      <td>-95.664650</td>\n",
       "      <td>-82.250254</td>\n",
       "      <td>0.960195</td>\n",
       "      <td>-21.794449</td>\n",
       "      <td>-4.066083</td>\n",
       "      <td>21.413773</td>\n",
       "      <td>195.180934</td>\n",
       "      <td>20.300964</td>\n",
       "      <td>-1.220007</td>\n",
       "      <td>27.647207</td>\n",
       "      <td>-56.714945</td>\n",
       "      <td>16.395969</td>\n",
       "      <td>24.416026</td>\n",
       "      <td>-0.721264</td>\n",
       "      <td>98.374069</td>\n",
       "    </tr>\n",
       "  </tbody>\n",
       "</table>\n",
       "</div>"
      ],
      "text/plain": [
       "             AAPL        ACLS       AMCR          APO       ARCC        AVNW  \\\n",
       "AAPL  1644.178301  482.571453  24.893437   543.380000  35.999602  101.738855   \n",
       "ACLS   482.571453  170.062224  10.202031   173.124587  12.485197   34.465863   \n",
       "AMCR    24.893437   10.202031   1.495455     8.572861   0.592949    2.221905   \n",
       "APO    543.380000  173.124587   8.572861   209.068777  14.960233   59.645629   \n",
       "ARCC    35.999602   12.485197   0.592949    14.960233   3.295147    4.987373   \n",
       "AVNW   101.738855   34.465863   2.221905    59.645629   4.987373  100.338398   \n",
       "COIN  -119.288249  -18.095236   3.808303    82.933303  -6.738385    0.839847   \n",
       "GRPN -1831.134656 -571.762565 -22.029281  -596.871217 -17.264939  -45.116259   \n",
       "IMGN   -73.803584  -25.219350  -2.890319   -25.644518   0.144464    6.002282   \n",
       "LUV    401.815859  149.216732  12.978815   127.476349   9.493113  -65.414399   \n",
       "MSFT  3184.506987  950.828161  48.905322  1098.591914  68.965726  186.338873   \n",
       "SG      -8.636058   -3.335264  -0.066555    13.032418  -1.552909    3.251363   \n",
       "UBER   171.992988   51.099282   6.800666    32.443259  10.173329   72.025548   \n",
       "VOD   -184.154802  -50.600018  -2.130832   -65.465521  -1.741916  -19.055583   \n",
       "YOU    -95.664650  -82.250254   0.960195   -21.794449  -4.066083   21.413773   \n",
       "\n",
       "             COIN         GRPN        IMGN         LUV         MSFT  \\\n",
       "AAPL  -119.288249 -1831.134656  -73.803584  401.815859  3184.506987   \n",
       "ACLS   -18.095236  -571.762565  -25.219350  149.216732   950.828161   \n",
       "AMCR     3.808303   -22.029281   -2.890319   12.978815    48.905322   \n",
       "APO     82.933303  -596.871217  -25.644518  127.476349  1098.591914   \n",
       "ARCC    -6.738385   -17.264939    0.144464    9.493113    68.965726   \n",
       "AVNW     0.839847   -45.116259    6.002282  -65.414399   186.338873   \n",
       "COIN  1724.259780    14.744249    9.061554   50.290488   319.121412   \n",
       "GRPN    14.744249  6578.058961  208.562808 -851.957152 -3835.898417   \n",
       "IMGN     9.061554   208.562808   19.002564  -49.792312  -169.396400   \n",
       "LUV     50.290488  -851.957152  -49.792312  343.065967   836.971633   \n",
       "MSFT   319.121412 -3835.898417 -169.396400  836.971633  6364.955559   \n",
       "SG     193.046714     1.907531   -0.657760    2.476019    66.664449   \n",
       "UBER    95.725751    31.336692   11.743307   40.364967   249.396442   \n",
       "VOD    -16.217900   298.733713   17.594062  -37.788374  -396.475660   \n",
       "YOU    195.180934    20.300964   -1.220007   27.647207   -56.714945   \n",
       "\n",
       "              SG        UBER         VOD         YOU  \n",
       "AAPL   -8.636058  171.992988 -184.154802  -95.664650  \n",
       "ACLS   -3.335264   51.099282  -50.600018  -82.250254  \n",
       "AMCR   -0.066555    6.800666   -2.130832    0.960195  \n",
       "APO    13.032418   32.443259  -65.465521  -21.794449  \n",
       "ARCC   -1.552909   10.173329   -1.741916   -4.066083  \n",
       "AVNW    3.251363   72.025548  -19.055583   21.413773  \n",
       "COIN  193.046714   95.725751  -16.217900  195.180934  \n",
       "GRPN    1.907531   31.336692  298.733713   20.300964  \n",
       "IMGN   -0.657760   11.743307   17.594062   -1.220007  \n",
       "LUV     2.476019   40.364967  -37.788374   27.647207  \n",
       "MSFT   66.664449  249.396442 -396.475660  -56.714945  \n",
       "SG     32.636208    9.485115   -3.290732   16.395969  \n",
       "UBER    9.485115   83.700215    3.099453   24.416026  \n",
       "VOD    -3.290732    3.099453   44.888717   -0.721264  \n",
       "YOU    16.395969   24.416026   -0.721264   98.374069  "
      ]
     },
     "execution_count": 31,
     "metadata": {},
     "output_type": "execute_result"
    }
   ],
   "source": [
    "cov = df.cov()\n",
    "\n",
    "#plt.imshow(cov)\n",
    "#sum(sum([cov[i][:-1] for i in cov if i != '^GSPC']))\n",
    "\n",
    "cov"
   ]
  }
 ],
 "metadata": {
  "interpreter": {
   "hash": "c6e4e9f98eb68ad3b7c296f83d20e6de614cb42e90992a65aa266555a3137d0d"
  },
  "kernelspec": {
   "display_name": "Python 3.9.10 ('base')",
   "language": "python",
   "name": "python3"
  },
  "language_info": {
   "codemirror_mode": {
    "name": "ipython",
    "version": 3
   },
   "file_extension": ".py",
   "mimetype": "text/x-python",
   "name": "python",
   "nbconvert_exporter": "python",
   "pygments_lexer": "ipython3",
   "version": "3.10.2"
  },
  "orig_nbformat": 4
 },
 "nbformat": 4,
 "nbformat_minor": 2
}
